V04002 V01000 V04001 V12212 V12211 V12001 V13011
1 57077 1957 -47 26 -17 210 
2 57077 1957 -47 46 -8 52 
3 57077 1957 8 137 61 191 
4 57077 1957 75 199 131 807 
5 57077 1957 108 221 159 918 
6 57077 1957 32766 280 214 878 
7 57077 1957 32766 298 239 3166 
8 57077 1957 185 306 238 222 
9 57077 1957 115 241 171 184 
10 57077 1957 61 205 123 414 
11 57077 1957 37 149 81 330 
12 57077 1957 -14 92 29 56 
1 57077 1958 -57 49 -15 58 
2 57077 1958 -36 107 24 2 
3 57077 1958 24 162 83 400 
4 57077 1958 85 190 129 1034 
5 57077 1958 113 222 168 1279 
6 57077 1958 170 278 221 1420 
7 57077 1958 210 288 243 4752 
8 57077 1958 182 262 216 1960 
9 57077 1958 131 243 180 833 
10 57077 1958 68 179 115 845 
11 57077 1958 22 111 59 592 
12 57077 1958 -20 101 28 194 
1 57077 1959 -53 41 -13 101 
2 57077 1959 -16 60 15 305 
3 57077 1959 30 136 77 527 
4 57077 1959 82 207 141 182 
5 57077 1959 111 217 159 846 
6 57077 1959 169 283 221 1669 
7 57077 1959 209 323 261 1878 
8 57077 1959 202 309 248 1423 
9 57077 1959 127 253 181 483 
10 57077 1959 90 222 145 565 
11 57077 1959 20 117 60 291 
12 57077 1959 -25 60 6 165 
1 57077 1960 -41 78 6 29 
2 57077 1960 -8 137 52 116 
3 57077 1960 34 137 77 561 
4 57077 1960 61 185 119 654 
5 57077 1960 105 233 165 254 
6 57077 1960 176 303 236 505 
7 57077 1960 197 290 235 2577 
8 57077 1960 182 273 221 1237 
9 57077 1960 135 245 182 1158 
10 57077 1960 74 180 119 539 
11 57077 1960 20 121 62 221 
12 57077 1960 -37 78 8 163 
1 57077 1961 -47 65 -1 75 
2 57077 1961 -18 102 33 13 
3 57077 1961 27 125 71 423 
4 57077 1961 85 211 144 546 
5 57077 1961 115 254 181 864 
6 57077 1961 181 283 227 1461 
7 57077 1961 208 317 255 567 
8 57077 1961 195 292 237 927 
9 57077 1961 136 237 180 2080 
10 57077 1961 95 161 122 1118 
11 57077 1961 43 129 78 443 
12 57077 1961 -27 75 13 36 
1 57077 1962 -66 55 -16 106 
2 57077 1962 -20 106 30 244 
3 57077 1962 15 153 77 19 
4 57077 1962 69 194 125 575 
5 57077 1962 119 257 183 193 
6 57077 1962 165 294 222 886 
7 57077 1962 207 310 252 1498 
8 57077 1962 182 275 222 2424 
9 57077 1962 129 241 175 997 
10 57077 1962 87 182 127 739 
11 57077 1962 19 97 50 737 
12 57077 1962 -22 94 24 55 
1 57077 1963 -68 68 -12 0 
2 57077 1963 -45 102 16 7 
3 57077 1963 21 140 72 247 
4 57077 1963 65 152 104 587 
5 57077 1963 123 218 166 1422 
6 57077 1963 163 292 222 754 
7 57077 1963 197 300 242 1257 
8 57077 1963 196 278 227 1841 
9 57077 1963 144 218 173 985 
10 57077 1963 75 206 130 307 
11 57077 1963 31 137 73 337 
12 57077 1963 -22 99 25 97 
1 57077 1964 -39 38 -8 139 
2 57077 1964 -69 3 -40 206 
3 57077 1964 25 126 68 366 
4 57077 1964 95 170 125 1568 
5 57077 1964 119 214 164 2013 
6 57077 1964 157 289 219 438 
7 57077 1964 207 286 242 3046 
8 57077 1964 192 287 232 1511 
9 57077 1964 149 205 171 2521 
10 57077 1964 103 161 125 1878 
11 57077 1964 29 139 72 80 
12 57077 1964 -25 79 15 95 
1 57077 1965 -34 80 8 58 
2 57077 1965 -20 85 19 116 
3 57077 1965 8 131 59 391 
4 57077 1965 62 180 112 1178 
5 57077 1965 117 263 184 407 
6 57077 1965 157 301 226 176 
7 57077 1965 199 293 238 3682 
8 57077 1965 174 279 217 2300 
9 57077 1965 126 255 181 222 
10 57077 1965 84 197 129 832 
11 57077 1965 37 146 78 519 
12 57077 1965 -38 80 9 58 
1 57077 1966 -39 89 10 37 
2 57077 1966 -5 137 51 198 
3 57077 1966 25 151 77 418 
4 57077 1966 74 196 128 1017 
5 57077 1966 124 232 172 392 
6 57077 1966 170 304 233 442 
7 57077 1966 205 319 256 1994 
8 57077 1966 192 305 239 914 
9 57077 1966 117 234 167 431 
10 57077 1966 76 198 124 601 
11 57077 1966 26 149 75 184 
12 57077 1966 -48 51 -8 49 
1 57077 1967 -56 67 -6 31 
2 57077 1967 -34 61 5 255 
3 57077 1967 16 133 64 1057 
4 57077 1967 69 176 115 1073 
5 57077 1967 130 244 182 546 
6 57077 1967 166 304 230 1148 
7 57077 1967 197 297 239 2595 
8 57077 1967 212 309 255 1695 
9 57077 1967 130 226 168 1685 
10 57077 1967 72 199 124 216 
11 57077 1967 2 84 34 667 
12 57077 1967 -65 52 -22 0 
1 57077 1968 -56 55 -14 117 
2 57077 1968 -51 62 -7 11 
3 57077 1968 24 155 81 144 
4 57077 1968 63 205 129 489 
5 57077 1968 110 237 168 896 
6 57077 1968 165 311 236 273 
7 57077 1968 192 297 237 1208 
8 57077 1968 180 268 216 1767 
9 57077 1968 140 231 177 2743 
10 57077 1968 70 185 115 666 
11 57077 1968 42 155 85 416 
12 57077 1968 -2 92 32 102 
1 57077 1969 -62 37 -27 173 
2 57077 1969 -70 31 -32 274 
3 57077 1969 22 143 71 136 
4 57077 1969 70 191 124 1113 
5 57077 1969 132 263 193 362 
6 57077 1969 164 293 225 277 
7 57077 1969 200 310 249 905 
8 57077 1969 182 306 237 792 
9 57077 1969 142 226 175 1664 
10 57077 1969 94 213 142 99 
11 57077 1969 6 121 52 182 
12 57077 1969 -45 93 8 0 
1 57077 1970 -60 67 -11 18 
2 57077 1970 -17 94 28 154 
3 57077 1970 3 97 42 180 
4 57077 1970 64 188 118 1109 
5 57077 1970 125 247 181 897 
6 57077 1970 151 266 202 1219 
7 57077 1970 200 302 244 1877 
8 57077 1970 198 290 236 1103 
9 57077 1970 129 225 170 1443 
10 57077 1970 74 193 122 634 
11 57077 1970 20 147 70 162 
12 57077 1970 -22 93 21 57 
1 57077 1971 -53 69 -4 259 
2 57077 1971 -33 62 2 153 
3 57077 1971 11 131 60 229 
4 57077 1971 73 182 122 813 
5 57077 1971 114 260 182 713 
6 57077 1971 157 267 207 2336 
7 57077 1971 214 321 261 1019 
8 57077 1971 192 286 230 1703 
9 57077 1971 137 230 175 596 
10 57077 1971 78 186 120 1433 
11 57077 1971 23 144 69 792 
12 57077 1971 -36 82 10 74 
1 57077 1972 -44 58 -6 83 
2 57077 1972 -44 28 -17 138 
3 57077 1972 26 128 66 688 
4 57077 1972 70 196 128 230 
5 57077 1972 117 243 174 768 
6 57077 1972 165 302 229 509 
7 57077 1972 189 288 232 1360 
8 57077 1972 183 288 227 836 
9 57077 1972 116 236 168 768 
10 57077 1972 72 193 123 657 
11 57077 1972 31 146 77 344 
12 57077 1972 -24 80 18 25 
1 57077 1973 -45 52 -7 186 
2 57077 1973 -4 94 33 86 
3 57077 1973 38 147 83 332 
4 57077 1973 88 207 140 1054 
5 57077 1973 119 222 165 985 
6 57077 1973 171 290 224 220 
7 57077 1973 194 291 234 2828 
8 57077 1973 193 299 241 517 
9 57077 1973 131 238 178 613 
10 57077 1973 79 181 123 371 
11 57077 1973 23 162 80 108 
12 57077 1973 -42 104 18 0 
1 57077 1974 -57 37 -20 144 
2 57077 1974 -46 53 -6 207 
3 57077 1974 10 124 58 448 
4 57077 1974 90 226 152 346 
5 57077 1974 122 247 182 1060 
6 57077 1974 165 288 223 788 
7 57077 1974 194 307 242 756 
8 57077 1974 180 274 220 1405 
9 57077 1974 135 241 181 627 
10 57077 1974 82 173 117 1446 
11 57077 1974 33 126 68 218 
12 57077 1974 -29 35 -5 266 
1 57077 1975 -38 79 8 9 
2 57077 1975 -18 92 26 132 
3 57077 1975 29 140 77 55 
4 57077 1975 82 183 128 1193 
5 57077 1975 114 224 167 460 
6 57077 1975 168 285 223 487 
7 57077 1975 201 300 244 1179 
8 57077 1975 195 292 238 2590 
9 57077 1975 159 225 186 2139 
10 57077 1975 95 175 128 850 
11 57077 1975 27 122 65 116 
12 57077 1975 -48 54 -7 245 
1 57077 1976 -52 74 -2 6 
2 57077 1976 -18 78 22 443 
3 57077 1976 12 114 58 116 
4 57077 1976 60 182 114 499 
5 57077 1976 122 243 180 533 
6 57077 1976 157 276 214 370 
7 57077 1976 192 296 236 1958 
8 57077 1976 188 269 220 688 
9 57077 1976 138 242 181 786 
10 57077 1976 90 200 134 340 
11 57077 1976 -5 100 38 333 
12 57077 1976 -35 75 8 35 
1 57077 1977 -81 23 -38 58 
2 57077 1977 -34 98 22 0 
3 57077 1977 37 163 92 269 
4 57077 1977 92 200 140 1065 
5 57077 1977 118 228 168 483 
6 57077 1977 163 294 222 588 
7 57077 1977 203 297 244 2058 
8 57077 1977 181 279 222 1456 
9 57077 1977 134 249 182 338 
10 57077 1977 88 217 140 1125 
11 57077 1977 19 130 66 234 
12 57077 1977 -17 88 25 91 
1 57077 1978 -52 81 2 14 
2 57077 1978 -33 75 11 71 
3 57077 1978 16 121 62 256 
4 57077 1978 80 230 149 307 
5 57077 1978 118 251 185 698 
6 57077 1978 166 297 227 966 
7 57077 1978 204 293 241 2783 
8 57077 1978 189 305 241 461 
9 57077 1978 130 257 185 424 
10 57077 1978 76 211 135 326 
11 57077 1978 28 120 66 374 
12 57077 1978 -24 99 27 25 
1 57077 1979 -43 84 8 172 
2 57077 1979 -15 129 46 192 
3 57077 1979 12 133 67 458 
4 57077 1979 67 187 121 668 
5 57077 1979 95 227 161 549 
6 57077 1979 160 305 231 1294 
7 57077 1979 196 292 238 1960 
8 57077 1979 197 281 232 2299 
9 57077 1979 127 216 165 1625 
10 57077 1979 74 231 140 13 
11 57077 1979 4 142 63 154 
12 57077 1979 -11 103 34 249 
1 57077 1980 -47 58 -8 184 
2 57077 1980 -39 69 6 43 
3 57077 1980 3 105 48 298 
4 57077 1980 65 199 129 513 
5 57077 1980 113 250 181 1213 
6 57077 1980 162 274 214 1502 
7 57077 1980 184 278 230 2002 
8 57077 1980 177 265 217 1449 
9 57077 1980 127 243 178 590 
10 57077 1980 83 194 130 1055 
11 57077 1980 39 169 94 141 
12 57077 1980 -36 102 19 19 
1 57077 1981 -59 45 -17 173 
2 57077 1981 -22 84 21 166 
3 57077 1981 33 152 87 567 
4 57077 1981 76 203 136 497 
5 57077 1981 108 265 186 105 
6 57077 1981 164 295 228 1439 
7 57077 1981 205 297 246 1759 
8 57077 1981 190 271 226 1767 
9 57077 1981 133 226 174 910 
10 57077 1981 59 160 102 178 
11 57077 1981 6 99 45 371 
12 57077 1981 -46 83 8 42 
1 57077 1982 -45 82 6 109 
2 57077 1982 -16 65 18 56 
3 57077 1982 15 129 66 613 
4 57077 1982 62 192 124 298 
5 57077 1982 119 260 189 829 
6 57077 1982 147 279 212 667 
7 57077 1982 186 285 230 2621 
8 57077 1982 177 257 211 1684 
9 57077 1982 130 215 168 827 
10 57077 1982 93 207 141 217 
11 57077 1982 29 120 67 266 
12 57077 1982 -39 81 11 14 
1 57077 1983 -61 68 -8 41 
2 57077 1983 -46 89 12 40 
3 57077 1983 9 123 60 239 
4 57077 1983 73 196 132 787 
5 57077 1983 115 241 176 1332 
6 57077 1983 159 264 208 985 
7 57077 1983 184 278 228 1943 
8 57077 1983 177 273 218 1848 
9 57077 1983 144 241 187 1501 
10 57077 1983 88 172 124 2107 
11 57077 1983 20 154 75 298 
12 57077 1983 -33 86 17 3 
1 57077 1984 -70 44 -23 90 
2 57077 1984 -48 47 -9 32 
3 57077 1984 12 138 65 52 
4 57077 1984 82 196 134 541 
5 57077 1984 115 229 169 1218 
6 57077 1984 161 268 211 1146 
7 57077 1984 184 269 222 2068 
8 57077 1984 185 282 226 1238 
9 57077 1984 127 204 159 3612 
10 57077 1984 73 198 125 331 
11 57077 1984 41 127 75 533 
12 57077 1984 -45 37 -12 215 
1 57077 1985 -55 59 -11 34 
2 57077 1985 -33 66 5 97 
3 57077 1985 1 97 43 161 
4 57077 1985 71 216 139 371 
5 57077 1985 123 227 171 2537 
6 57077 1985 160 275 211 590 
7 57077 1985 189 312 243 386 
8 57077 1985 198 293 237 1205 
9 57077 1985 128 211 161 1779 
10 57077 1985 74 180 118 1456 
11 57077 1985 11 142 66 113 
12 57077 1985 -48 63 -5 60 
1 57077 1986 -45 77 3 217 
2 57077 1986 -41 80 9 19 
3 57077 1986 10 132 64 312 
4 57077 1986 77 199 134 342 
5 57077 1986 113 268 188 486 
6 57077 1986 168 286 223 791 
7 57077 1986 185 298 233 1571 
8 57077 1986 174 293 225 958 
9 57077 1986 117 253 173 1057 
10 57077 1986 58 191 113 762 
11 57077 1986 13 124 58 89 
12 57077 1986 -35 77 12 136 
1 57077 1987 -39 94 16 6 
2 57077 1987 -24 100 28 152 
3 57077 1987 2 115 49 471 
4 57077 1987 63 205 127 419 
5 57077 1987 119 236 173 1387 
6 57077 1987 148 252 197 1697 
7 57077 1987 185 295 233 723 
8 57077 1987 178 300 231 1006 
9 57077 1987 124 263 182 597 
10 57077 1987 85 208 135 755 
11 57077 1987 17 137 66 190 
12 57077 1987 -35 117 24 0 
1 57077 1988 -45 82 6 3 
2 57077 1988 -39 63 2 151 
3 57077 1988 -8 98 38 513 
4 57077 1988 64 210 132 476 
5 57077 1988 123 243 179 883 
6 57077 1988 166 306 232 161 
7 57077 1988 204 293 239 1962 
8 57077 1988 182 271 218 2134 
9 57077 1988 127 242 176 597 
10 57077 1988 82 181 123 780 
11 57077 1988 11 172 78 26 
12 57077 1988 -35 86 16 80 
1 57077 1989 -54 32 -17 422 
2 57077 1989 -43 47 -3 559 
3 57077 1989 4 116 55 299 
4 57077 1989 74 191 128 511 
5 57077 1989 105 238 167 602 
6 57077 1989 153 273 208 1000 
7 57077 1989 185 281 228 1803 
8 57077 1989 179 257 212 1480 
9 57077 1989 130 236 175 698 
10 57077 1989 74 212 130 216 
11 57077 1989 19 117 58 347 
12 57077 1989 -27 100 22 359 
1 57077 1990 -52 39 -14 215 
2 57077 1990 -24 54 8 350 
3 57077 1990 10 133 65 470 
4 57077 1990 63 187 119 718 
5 57077 1990 112 244 172 739 
6 57077 1990 152 280 211 1947 
7 57077 1990 196 306 246 1352 
8 57077 1990 174 297 230 680 
9 57077 1990 132 260 186 536 
10 57077 1990 80 198 129 311 
11 57077 1990 33 171 88 455 
12 57077 1990 -36 93 15 42 
1 57077 1991 -43 65 0 83 
2 57077 1991 -22 83 20 123 
3 57077 1991 6 119 54 502 
4 57077 1991 61 195 124 438 
5 57077 1991 104 217 158 982 
6 57077 1991 156 278 214 880 
7 57077 1991 194 315 249 821 
8 57077 1991 169 284 220 707 
9 57077 1991 121 249 177 569 
10 57077 1991 57 209 122 109 
11 57077 1991 1 153 64 224 
12 57077 1991 -41 77 8 215 
1 57077 1992 -52 81 1 11 
2 57077 1992 -39 104 25 0 
3 57077 1992 3 103 48 773 
4 57077 1992 75 222 143 403 
5 57077 1992 112 240 171 614 
6 57077 1992 146 275 208 707 
7 57077 1992 183 311 243 1335 
8 57077 1992 180 289 226 1013 
9 57077 1992 129 217 168 1138 
10 57077 1992 54 181 106 503 
11 57077 1992 0 145 60 129 
12 57077 1992 -31 90 17 180 
1 57077 1993 -60 45 -18 119 
2 57077 1993 -6 102 39 300 
3 57077 1993 17 123 64 527 
4 57077 1993 69 211 136 522 
5 57077 1993 100 215 152 1800 
6 57077 1993 153 280 211 1487 
7 57077 1993 189 284 230 861 
8 57077 1993 173 267 213 1477 
9 57077 1993 125 251 177 445 
10 57077 1993 63 194 117 143 
11 57077 1993 1 121 49 859 
12 57077 1993 -45 82 7 6 
1 57077 1994 -44 87 10 34 
2 57077 1994 -30 78 16 112 
3 57077 1994 1 132 60 226 
4 57077 1994 77 202 134 872 
5 57077 1994 120 276 194 243 
6 57077 1994 162 281 216 1986 
7 57077 1994 199 303 243 2361 
8 57077 1994 190 302 240 357 
9 57077 1994 122 241 171 446 
10 57077 1994 62 191 116 894 
11 57077 1994 33 152 80 358 
12 57077 1994 -13 86 25 94 
1 57077 1995 -47 68 -2 39 
2 57077 1995 -30 98 26 8 
3 57077 1995 9 154 73 255 
4 57077 1995 63 201 128 368 
5 57077 1995 120 267 192 247 
6 57077 1995 164 308 231 248 
7 57077 1995 203 320 252 1995 
8 57077 1995 191 278 227 2829 
9 57077 1995 140 246 183 354 
10 57077 1995 85 188 127 1338 
11 57077 1995 11 158 72 24 
12 57077 1995 -32 84 15 27 
1 57077 1996 -49 59 -4 75 
2 57077 1996 -43 85 11 65 
3 57077 1996 0 115 52 138 
4 57077 1996 62 178 117 646 
5 57077 1996 109 236 168 691 
6 57077 1996 158 274 212 1014 
7 57077 1996 197 290 234 2193 
8 57077 1996 186 278 222 1960 
9 57077 1996 136 237 178 2204 
10 57077 1996 76 200 127 1134 
11 57077 1996 13 106 52 834 
12 57077 1996 -30 124 30 0 
1 57077 1997 -51 78 0 128 
2 57077 1997 -18 89 28 314 
3 57077 1997 30 133 76 590 
4 57077 1997 72 193 128 380 
5 57077 1997 125 255 185 929 
6 57077 1997 150 290 214 639 
7 57077 1997 190 301 240 1297 
8 57077 1997 185 325 247 123 
9 57077 1997 113 249 172 1061 
10 57077 1997 62 222 130 221 
11 57077 1997 11 128 59 440 
12 57077 1997 -28 85 18 10 
1 57077 1998 -53 50 -11 137 
2 57077 1998 -15 95 31 129 
3 57077 1998 10 126 62 584 
4 57077 1998 91 224 152 745 
5 57077 1998 109 224 165 1976 
6 57077 1998 159 290 221 377 
7 57077 1998 206 307 250 2094 
8 57077 1998 184 282 227 2873 
9 57077 1998 138 271 194 131 
10 57077 1998 84 219 141 236 
11 57077 1998 31 188 95 49 
12 57077 1998 -22 124 37 44 
1 57077 1999 -39 101 21 0 
2 57077 1999 -17 132 48 18 
3 57077 1999 19 128 68 637 
4 57077 1999 84 220 147 786 
5 57077 1999 116 244 178 765 
6 57077 1999 162 274 216 751 
7 57077 1999 182 295 235 672 
8 57077 1999 177 294 228 1136 
9 57077 1999 153 260 199 683 
10 57077 1999 80 183 125 1042 
11 57077 1999 21 145 73 180 
12 57077 1999 -47 105 16 0 
1 57077 2000 -58 38 -18 78 
2 57077 2000 -36 84 16 87 
3 57077 2000 27 169 93 18 
4 57077 2000 77 230 149 126 
5 57077 2000 126 284 199 450 
6 57077 2000 165 278 214 3023 
7 57077 2000 200 297 239 1821 
8 57077 2000 175 276 218 1815 
9 57077 2000 134 238 177 1035 
10 57077 2000 91 169 122 935 
11 57077 2000 16 126 60 136 
12 57077 2000 -15 110 32 61 
1 57077 2001 -48 58 -8 259 
2 57077 2001 -13 97 29 104 
3 57077 2001 30 173 91 137 
4 57077 2001 64 199 123 655 
5 57077 2001 121 271 188 369 
6 57077 2001 169 297 223 1123 
7 57077 2001 193 312 245 2651 
8 57077 2001 179 281 217 557 
9 57077 2001 141 237 179 271 
10 57077 2001 91 192 131 912 
11 57077 2001 15 148 69 14 
12 57077 2001 -39 43 -8 297 
1 57077 2002 -24 104 25 92 
2 57077 2002 -3 120 49 88 
3 57077 2002 37 169 95 160 
4 57077 2002 70 202 131 523 
5 57077 2002 110 223 162 1371 
6 57077 2002 175 295 229 1907 
7 57077 2002 197 308 244 889 
8 57077 2002 184 290 225 831 
9 57077 2002 132 251 179 701 
10 57077 2002 71 213 127 519 
11 57077 2002 11 157 67 54 
12 57077 2002 -30 64 4 153 
1 57077 2003 -49 80 0 83 
2 57077 2003 -9 101 35 300 
3 57077 2003 14 125 62 263 
4 57077 2003 76 200 132 710 
5 57077 2003 123 239 176 436 
6 57077 2003 157 290 215 1057 
7 57077 2003 191 288 231 893 
8 57077 2003 192 261 219 2267 
9 57077 2003 145 243 185 2389 
10 57077 2003 71 185 118 1235 
11 57077 2003 17 116 58 389 
12 57077 2003 -28 84 17 64 
1 57077 2004 -46 62 -2 31 
2 57077 2004 -13 129 48 424 
3 57077 2004 35 163 91 205 
4 57077 2004 87 240 155 139 
5 57077 2004 113 253 177 898 
6 57077 2004 157 286 214 337 
7 57077 2004 194 299 238 2916 
8 57077 2004 185 267 216 1626 
9 57077 2004 131 239 175 1787 
10 57077 2004 69 192 118 398 
11 57077 2004 18 156 72 356 
12 57077 2004 -22 75 15 210 
1 57077 2005 -52 58 -10 9 
2 57077 2005 -42 52 -6 75 
3 57077 2005 14 152 71 91 
4 57077 2005 86 240 157 745 
5 57077 2005 128 242 181 668 
6 57077 2005 170 316 234 1589 
7 57077 2005 207 293 242 3127 
8 57077 2005 183 264 215 2164 
9 57077 2005 149 244 185 1457 
10 57077 2005 84 188 125 1034 
11 57077 2005 37 164 88 68 
12 57077 2005 -49 71 -3 15 
1 57077 2006 -43 58 -4 210 
2 57077 2006 -15 97 27 295 
3 57077 2006 34 181 97 221 
4 57077 2006 85 227 148 707 
5 57077 2006 128 259 188 809 
6 57077 2006 172 312 237 1346 
7 57077 2006 212 302 247 1480 
8 57077 2006 203 296 238 556 
9 57077 2006 132 229 171 1880 
10 57077 2006 104 230 153 94 
11 57077 2006 36 151 81 265 
12 57077 2006 -21 88 19 74 
1 57077 2007 -35 80 9 4 
2 57077 2007 5 133 56 270 
3 57077 2007 37 142 82 748 
4 57077 2007 78 220 143 50 
5 57077 2007 142 288 209 699 
6 57077 2007 166 286 220 744 
7 57077 2007 188 279 226 3765 
8 57077 2007 195 286 231 736 
9 57077 2007 131 239 174 696 
10 57077 2007 91 187 128 442 
11 57077 2007 23 158 76 94 
12 57077 2007 -15 81 22 118 
